2
3
5
7
11
13
19
23
29
31
41
43
47
53
59
61
67
71
73
83
89
97
101
103
107
109
127
131
137
139
151
193
211
223
227
229
233
257
263
269
271
293
311
313
317
331
353
383
421
431
433
439
443
449
487
499
521
523
541
547
557
599
613
631
641
643
647
653
659
661
673
677
691
727
733
743
751
757
761
773
811
821
823
827
829
853
857
859
863
877
881
883
887
911
929
937
941
947
953
967
971
977
983
991
997
1013
1021
1033
1049
1063
1069
1087
1103
1109
1129
1171
1213
1223
1237
1259
1289
1291
1367
1381
1399
1511
1913
2111
2129
2131
2213
2311
3121
3137
3313
4111
4127
4129
4133
4211
4813
5101
5107
5113
5413
5711
6101
6121
6131
6133
6211
6311
6911
7103
7109
7121
7127
7211
7213
7411
8101
8111
8117
8123
8311
8513
8713
9103
9109
9127
9133
9137
9311
9413
9511
9613
9811
10103
10111
10513
10613
11117
11119
11213
11311
11411
11813
12101
12107
12109
12113
12511
12613
12911
13109
13121
13127
13313
13513
13613
13711
13913
21011
21013
21211
21313
31013
41011
41113
41213
61211
71011
81013
101111
111211
121013
131011
131111
131213
131311
